50

4 6 4

1 4 2 1


100 10 1

1


5 5 10

2 4 2 3 4 2 1 2 1 3


1 1 1

1


100 2 2

1 2


1000 100 10


4 3 9 1 2 5 6 9 1 10


1 10 10
4 3 4 1 2 5 6 9 1 10
1 10 9
1 1 1 1 1 1 1 1 1
1000 10 9
1 1 1 1 1 1 1 1 1
934 9 10
8 8 8 8 8 8 8 8 8 8
734 3 10
1 2 3 3 2 1 1 2 3 1
345 19 10
10 10 10 10 10 10 10 10 10 10
765 10 10
10 1 10 1 10 1 10 1 10 1
1000 100 10
10 10 10 10 10 10 10 10 10 10
734 20 10
1 2 3 4 5 6 7 8 9 10
631 16 10
10 9 8 7 6 5 4 3 2 1
2 8 7
7 5 8 3 4 6 3
4 7 5
6 5 6 2 2
3 5 6
5 1 3 1 4 2
2 5 6
2 5 5 5 2 3
491 14 10
2 4 2 6 4 9 4 3 4 5
398 10 9
5 3 10 6 4 7 4 4 8
565 5 10
2 2 1 5 3 2 3 2 3 3
914 11 9
7 2 5 8 9 6 4 2 5
8 26 9
5 10 2 10 10 5 3 9 10
6 25 10
5 9 6 9 6 4 9 4 7 4
5 24 9
5 8 5 5 6 10 1 6 1
9 26 10
2 7 7 1 5 5 5 3 2 3
37 16 9
6 7 9 8 8 9 9 8 5
56 23 8
6 8 7 8 7 9 6 8
287 11 9
8 5 7 6 8 6 7 6 9
334 27 10
5 6 9 8 8 7 6 5 6 5
409 44 9
5 5 9 9 7 9 5 9 8
391 24 9
9 5 6 5 7 6 5 5 7
388 31 9
5 8 8 7 9 7 8 9 9
557 80 8
8 5 5 6 7 9 8 8
807 59 10
9 7 6 7 6 6 8 8 8 6
79 63 5
7 5 6 7 5
517 83 8
9 7 5 6 9 8 6 6
910 42 7
8 7 9 6 6 7 5
475 51 5
7 7 8 9 5
678 90 9
9 8 8 9 5 6 8 5 7
197 92 8
8 9 8 8 5 9 7 7
914 16 8
7 7 8 7 5 5 8 9
632 22 7
7 8 8 5 8 7 6
335 91 7
5 8 5 8 9 9 5
369 20 5
5 9 8 9 9
181 49 8
7 6 5 9 5 5 7 5
828 86 7
9 7 7 5 9 5 9
945 74 9
8 8 5 7 9 6 6 9 9
