Case #1: 1 3111 3195 1278 1222 1059 3360 173 3352 934 1283 11 1244 873 1933 2179 127 318 2339 855 1644 1356 191 623 1396 573 1887 1557 454 2900 1086 2254 2140 3550 348 750 1967 298 961 2052 1373 1279 2230 3269 198 1294 1357 3200 636 1451 3013 2489 978 3177 3094 2905 1396 3043 2249 1092 960 1955 93 88 774 2474 356 1987 3079 1221 59 1489 3265 2161 3155 103 2189 3107 2212 2940 1092 1527 2933 3401 2478 249 1452 3170 2341 3461 2054 2410 3279 2027 3122 221 538 
Case #2: 1515 883 2390 2907 2024 1514 1781 2073 4120 4095 874 2180 1414 1976 1557 3548 2742 2517 1138 1596 3807 1129 1457 370 3713 2570 620 1736 2515 2335 322 591 2053 2816 1675 383 2503 2288 1162 3416 3808 3053 2548 3572 806 1512 166 1596 731 2397 4189 2531 694 3061 2937 56 641 3496 3333 1072 3668 1611 106 2067 1902 3052 2155 3618 2670 1162 4213 1288 3799 4228 496 2701 548 113 779 4081 2105 1710 1549 4053 1201 1018 2190 1903 2071 2237 720 2747 3076 236 3698 1294 1642 957 2803 4191 
Case #3: 2712 4554 1455 3233 1063 2789 2789 129 4456 596 1049 2261 4552 2171 3551 3934 4281 4758 3714 2898 1104 2809 1323 877 1100 3469 3943 2615 1424 812 3135 3482 2146 3737 1223 1881 3246 538 4653 4584 530 2572 4574 4699 2403 943 1225 1113 4335 1090 4544 1775 4137 4166 1463 261 2597 2307 426 2112 2584 3316 2781 4545 1482 3307 3634 2598 3641 2687 4371 1657 4134 95 2535 1758 825 78 3928 166 191 3735 4530 2496 4541 1309 2887 3208 2575 2836 4332 1256 873 1447 2772 1239 2084 410 2555 
Case #4: 2039 2866 4054 572 1297 900 2188 1273 3619 3809 4447 12 472 1257 583 555 1428 776 357 2552 3296 1111 82 2409 752 1548 853 354 1628 1753 1148 1142 2903 3543 3109 3945 3127 667 76 378 997 3686 2024 338 1605 2014 2340 1167 2234 4314 1739 2467 1346 2026 1628 128 492 1360 2166 3224 1507 50 196 4052 2708 4235 1146 2887 1634 1971 3193 4393 415 668 1687 4142 2465 3737 486 1092 3011 207 1285 3847 1071 1251 1833 1805 3155 1170 3546 1264 3491 4215 2046 3396 3199 2123 4166 411 
Case #5: 2369 699 2427 728 1638 2614 1425 1526 2959 2786 1726 746 1572 2155 3162 1797 493 703 3222 1034 3261 2964 1016 3341 678 1855 81 726 1212 1956 1063 1473 1385 1744 2049 370 2092 3461 2391 2987 2202 2231 160 44 2751 790 2196 2223 383 1761 1969 3307 915 1338 1047 2515 2688 766 2245 3438 1349 932 719 2976 493 1325 3148 2680 2351 1957 995 1628 2377 2984 143 3207 395 1111 1807 818 1912 2509 3234 3135 2488 1344 2714 1690 1108 1150 1207 1467 3079 2732 2879 2355 680 1121 
Case #6: 2253 4118 2636 2376 857 2490 787 981 584 2939 2451 3832 3721 2030 4591 1151 2537 382 3123 4344 3316 1432 4323 68 4095 1707 3942 3410 3675 2182 2795 3228 631 3424 3097 3628 1208 3697 945 3531 3846 3877 4530 534 386 2329 1963 4508 2881 1564 4153 3368 4504 248 1629 56 1549 1101 1071 1786 1203 2190 3774 981 3037 290 3311 1944 986 3998 4561 812 877 2518 1856 2785 1376 1809 3033 187 730 2193 4443 1492 1834 87 1558 3952 3549 4501 4084 201 1089 4103 2116 2146 72 4225 3355 306 
Case #7: 2424 545 3 2503 489 3198 3953 132 1733 3477 3542 1769 1711 264 2075 1522 2525 2384 3312 777 2608 4075 117 3857 3353 2189 3432 353 1545 2057 4094 1221 3642 2382 2169 3483 2621 1259 3240 1789 1392 2208 3015 3752 3742 286 3105 3307 1544 3958 1806 117 2630 1883 993 3339 4039 1743 3825 2875 1250 2149 4071 2350 2058 3231 4079 2221 3014 4121 2785 317 3815 757 2500 3372 446 3389 606 3181 1295 3922 3643 81 340 92 2536 3779 1580 293 1386 3325 
Case #8: 1747 1236 4577 929 1316 4203 1993 3814 4127 4535 1203 2031 2468 2625 4597 4516 1586 4057 4289 2085 2835 3955 809 1218 4703 1715 1551 3825 4252 304 678 2311 2323 3848 2884 1168 3733 3468 4620 1266 730 892 1520 1107 2013 313 2241 987 2660 3308 4576 861 1475 3392 2883 2481 2642 437 245 1724 3010 1594 1059 3846 1712 66 4596 1841 773 3425 3910 1027 99 1435 3890 2189 2044 743 438 3984 309 288 2569 2266 4144 3080 105 4388 3987 3905 3603 591 657 
Case #9: 4741 4348 3060 2423 3020 3559 4644 3250 1647 1431 2129 3801 803 14 4172 1478 4136 1979 4757 1643 2320 1573 3463 552 3557 2552 3889 4332 1022 3787 4584 18 4542 300 2361 2994 52 879 3944 2797 2605 1508 4048 1322 2406 4153 4293 910 2787 2509 192 1651 4650 2629 1278 1215 2773 442 4524 3195 3764 2855 1456 251 609 3173 825 3281 4537 1053 4263 1359 1592 1332 200 44 1431 1662 857 272 2178 4660 4211 1948 3335 3257 1601 3749 4257 670 3742 1442 723 
Case #10: 3293 437 215 304 2269 2754 1140 3445 4041 702 697 1455 1675 3690 4663 2973 2614 372 2430 4312 2634 1288 1118 3682 2196 4388 610 3487 29 4666 3950 1980 1227 3010 4415 3118 4795 1304 2106 4028 2792 2796 2378 4694 4346 4382 1635 4616 3386 259 1277 537 4253 2520 2356 230 1486 2272 4594 122 4794 3862 576 4408 2555 2004 4137 2952 2600 3766 385 3607 754 4251 4700 326 3747 2958 1970 3436 753 4637 3296 3276 1108 3131 2787 1063 2331 1520 4027 3561 
Case #11: 4000 2975 3923 4853 4534 590 4372 618 1205 3854 1144 4579 1762 3650 4455 4199 3693 78 3113 3288 3742 1719 4129 4257 1134 60 739 4181 861 1333 2913 2268 4425 3647 100 3066 251 2210 3841 3586 713 4639 4492 2296 450 1269 4510 4416 832 2537 1716 2249 53 4089 2599 2819 4290 2787 4319 2133 2901 3053 4716 3347 4322 1064 3140 897 4581 2414 400 324 281 1781 3430 2924 3352 4053 1129 3436 2012 2229 4662 2182 4745 1247 4408 
Case #12: 3439 1314 181 2875 1903 81 578 960 2435 4715 565 1688 3620 3260 15 2236 3743 49 2652 1505 1002 4087 4337 3898 2453 3450 3173 2226 796 3440 4692 317 2373 2820 767 4268 3019 563 2978 4132 1547 4457 4146 2215 1532 2541 2661 3409 3644 1271 1136 1374 3003 1709 4828 3654 841 3975 3421 1373 4205 47 1474 1852 234 3774 2160 2110 2146 1840 4045 2517 383 3184 4217 3979 2466 833 971 4697 2803 3893 724 1267 3726 1406 2340 1387 3296 3239 3136 4143 1458 175 
Case #13: 3049 1072 2854 2219 1560 1811 369 917 2979 217 2606 323 1809 1851 2812 1935 871 377 2142 1529 1448 2205 1844 469 794 2754 871 667 1631 308 2498 2046 378 2022 1624 1417 897 38 551 2238 2102 2214 2602 1606 3123 1747 1560 431 1705 538 2726 1885 712 794 1049 2774 873 423 1291 496 1356 2465 492 1501 915 1407 2167 322 1043 2826 2967 1208 1261 582 3092 1561 472 463 1729 1303 2240 407 2634 1568 1140 48 2290 514 3011 2312 2341 1177 2736 1141 1296 793 2805 1666 1355 
Case #14: 76 2453 1739 4030 4271 3934 986 2536 1950 1348 4472 450 306 2966 2639 2486 2578 2055 3951 1224 3846 2723 23 701 1078 3468 1869 3533 123 1114 3168 1021 502 799 149 3901 1268 916 3951 1821 3253 3298 3747 1271 955 1506 3497 2051 3240 2001 3116 1852 1449 1557 2619 4211 734 2779 2098 1843 490 4486 3040 3753 2523 2251 1293 3179 1270 3108 2150 716 2636 2608 141 271 2725 2212 4424 2295 1135 232 2145 2262 3407 1031 1416 2888 858 4309 4063 2112 4478 2338 1163 580 689 2759 
Case #15: 2779 4128 3001 3694 604 674 368 3432 2936 2192 1697 1106 468 108 1896 4396 2186 4042 3327 219 2906 3633 3492 1355 3869 317 1720 1427 4274 2783 1050 1044 4106 2669 1888 3299 1743 2213 1872 2815 3608 2577 3903 3825 1596 3547 2713 565 2255 1509 915 2817 2215 4167 928 1308 4171 3945 615 3293 1402 3744 1063 597 403 3679 3350 3722 3650 232 1395 2925 1102 481 3378 1589 1603 157 772 2385 2640 3098 1650 3409 324 2569 1627 3288 1265 3341 4041 2371 3474 1477 
Case #16: 666 50 3237 717 1879 881 3138 193 2895 10 2165 2067 2529 3025 2484 1037 2521 1545 910 3294 3246 2658 370 1237 1902 539 3543 2305 361 1406 1095 830 3360 2149 25 3335 731 3431 502 1852 1069 501 1938 537 3244 627 1060 194 1520 3087 311 3559 956 3053 51 472 3237 2566 1250 2670 1149 1176 3363 2339 1098 1827 797 1921 1201 1862 880 525 2069 3488 919 2309 3320 630 788 874 1789 909 3126 
Case #17: 1402 1156 1670 138 876 1408 563 227 1273 1226 1382 1811 2096 551 1027 1984 2395 345 614 365 874 1411 451 765 2188 1997 77 1625 619 577 1444 2037 886 214 689 1314 405 2346 940 1925 2228 226 472 1000 1652 46 1009 2047 509 1250 1627 505 2005 2079 121 353 1362 1520 928 1203 1837 2066 819 1044 1554 1793 2433 472 632 1746 180 1947 663 159 325 1869 2451 335 1869 1456 1060 220 1208 1576 1993 739 965 242 758 338 2113 200 2415 1084 2416 2041 
Case #18: 1 1 4721 3394 915 4833 2343 777 3594 1440 4691 645 4060 445 4049 4837 1436 2988 4862 479 1728 3497 2008 4522 1976 3595 1706 2873 3107 3178 3085 791 1713 467 2756 447 4858 4014 4694 3832 4419 256 4744 2847 3356 3177 1144 511 2684 2952 2817 4820 144 4318 247 4673 4754 1176 3300 2703 3243 2738 2006 3471 196 4266 1309 1361 2891 1259 451 1563 1197 4728 294 2846 3763 2548 2033 197 799 4247 4369 1976 1714 2489 1176 2855 1438 4139 597 364 1529 3899 3548 
Case #19: 1 3 2 5 4 
Case #20: 2921 4280 3430 865 3887 2672 2643 1817 3045 3943 3356 2704 3447 1505 209 3226 4176 49 1734 595 21 425 1799 3311 362 2073 708 3462 1602 2560 2627 3274 3950 627 747 3256 107 1391 2276 3612 1685 181 2512 3908 2914 4125 4124 3622 2945 2933 2084 1987 4151 1011 425 3091 2239 1295 2620 4522 40 2579 4475 2571 3111 2822 2323 2608 369 201 2254 1644 4353 1537 2494 765 226 645 1706 4024 795 1540 2052 343 4520 419 2652 4518 974 4479 2258 4340 
Case #21: 3036 2429 240 1412 2997 3351 1569 2755 1795 3243 580 4453 996 3820 491 1951 1554 3506 2487 894 2591 3739 1623 2740 1122 3179 4554 550 932 2777 4160 2199 2058 2968 1128 4146 2816 2740 4759 877 3995 3340 43 1079 864 4761 1068 622 2100 4142 2186 4710 4234 4486 1787 672 3143 4491 4343 447 1251 4526 1826 441 3468 4484 3297 4648 2013 3067 894 1742 1759 1980 4762 4513 757 500 351 2943 2996 3038 955 1017 1422 529 1209 2434 2586 2122 3241 4738 1230 1753 
Case #22: 2227 243 3717 109 1884 3144 512 3705 827 2287 1813 1537 1758 2990 3065 1755 4128 1599 289 3746 2235 2126 3139 1781 4116 1631 716 3323 421 2917 733 3004 3610 417 3018 1088 176 960 3925 3027 430 800 457 294 3513 2642 1921 138 1518 870 404 1408 2395 3916 3673 2048 3070 3312 1440 667 4013 1490 3205 2845 505 2405 1758 525 2403 2078 592 550 2481 1230 1425 2585 1975 3574 3617 3297 1327 453 344 2418 1741 86 3143 4069 2285 2125 2679 556 314 3912 1979 2615 
Case #23: 2270 1062 1652 1030 2341 1203 384 1120 1948 1284 2946 2971 1162 1033 2378 1016 2586 608 19 75 911 1850 2106 3345 2639 97 1187 3206 1414 528 708 379 1586 253 3330 2035 101 19 240 2708 622 2910 1941 3330 1241 3238 2877 1920 1604 696 2606 2741 1578 460 1325 2078 2915 163 1674 692 1893 3030 1959 1564 2583 2014 3057 1666 325 161 1526 454 2848 838 1142 1985 743 291 1859 978 2693 903 1221 1267 1591 137 2793 3269 3110 1736 1202 2177 694 2980 
Case #24: 883 1979 774 2157 2787 1041 1788 1052 3974 584 3255 2884 2905 3250 573 2105 1437 2914 2087 2500 3661 2833 2086 2643 1460 406 2976 1948 1143 3867 2838 1565 1029 329 3724 3116 3590 3976 2696 558 1668 2790 3496 2969 734 3124 2925 2817 2502 617 87 2755 3129 1892 3824 3725 3382 3090 181 2719 3330 3096 63 2588 1409 867 1897 1094 856 355 2118 117 1086 1757 3644 4041 349 3725 3668 3443 3918 281 2973 213 3860 2303 2296 2584 4061 1640 2403 3498 520 1098 331 2113 413 1138 1290 
Case #25: 2499 1839 2493 146 2622 843 3690 489 4219 2450 940 2970 218 2217 302 2757 3932 1994 3490 1679 4373 3906 3387 4580 519 3604 4031 28 1697 4289 38 4347 1292 361 4338 3683 2270 1383 1232 715 594 4076 2519 3767 2550 4115 94 72 700 2733 4129 3436 3365 1223 2979 3061 1487 4263 31 3353 4480 2661 2938 1300 4220 265 4026 266 231 2865 2385 1402 41 2719 157 4393 923 4145 913 3116 3764 1556 4273 2264 610 3171 4538 1699 2385 2097 3615 33 2126 4481 1999 4043 3958 4241 3022 1118 
Case #26: 3538 1761 3240 1240 2537 524 1075 2331 1289 2529 521 3277 1899 742 3403 3791 3038 253 1491 1972 2836 1617 1268 590 1101 447 127 2344 3446 2768 393 3473 1658 702 3659 1712 1585 1139 864 551 3525 1075 2146 1819 3556 825 2162 266 3328 3431 2534 1580 1759 3811 191 1236 2990 3620 171 3790 3650 2187 3539 261 1699 629 1706 3021 1299 960 2835 1715 3687 1306 2373 2046 3216 2172 2565 2964 1107 3819 2513 1123 157 3366 255 692 2346 3335 3845 1281 1021 1077 2479 1097 2893 711 3187 323 
Case #27: 1126 3116 3192 3180 1282 3914 2132 1146 1819 4050 217 2039 1201 3976 952 2958 17 3925 437 4123 93 2370 268 341 1750 665 3243 3861 2078 2653 4336 344 3850 3378 3659 3965 3552 1736 1697 1792 998 1952 3482 2206 2510 3102 3309 3897 3851 2992 1827 2247 2132 605 1668 1340 627 125 3922 522 890 1161 1753 2133 1253 2185 1431 3209 2031 2734 3392 877 3044 2427 3117 3036 972 2349 1357 379 4122 1545 2707 4068 584 910 3197 951 1765 989 
Case #28: 2695 958 4199 299 1016 1252 272 3668 4267 3006 3826 768 2349 1625 405 2366 148 1202 2234 1475 3649 1684 2944 1184 723 3355 1287 207 3509 1739 1906 2579 4143 1323 1544 3844 2751 3966 4039 1048 1717 314 475 2493 3335 3035 1732 1056 2405 2994 2482 2877 3941 3654 1220 1446 2553 850 2202 1047 1584 1247 3075 2981 3508 1368 1127 68 746 395 2916 2608 2829 751 2277 511 2199 2662 1175 3607 2381 731 529 4272 1980 280 3915 4047 1423 904 1750 274 3837 3750 1403 494 3136 1303 2162 3963 
Case #29: 1438 3304 473 702 2425 1912 356 1208 652 1993 3102 322 3072 3470 649 1813 711 689 2253 1498 2931 3589 2782 1516 1313 2382 3663 3187 2109 2497 621 1878 2147 3368 2852 3721 1112 3888 1644 40 2090 2936 3837 2527 1967 932 1998 2032 3853 2188 2920 175 687 750 1133 3152 189 437 3065 3889 2132 407 3750 173 1264 81 2171 3937 3285 736 2949 2530 874 1098 3016 1861 1479 2999 2461 3340 110 42 3628 586 1527 2009 3752 1740 2078 2387 778 3054 604 2659 3699 3148 3484 1597 
Case #30: 7 10 3 4 
Case #31: 3738 1043 3899 4375 2874 3860 2950 477 2419 3429 672 1898 108 2823 4343 1855 3149 1814 762 1336 1472 156 3855 4466 3380 1886 3697 526 768 729 3151 2171 2985 2475 414 2389 3374 2640 2619 2106 1597 2384 323 1740 1650 440 3014 4312 3450 4263 131 920 3605 2113 2587 3127 4048 774 367 4499 4196 2126 1575 1527 1537 4046 2947 602 4431 2299 3528 2138 3212 233 2174 4508 3750 1324 275 3118 2209 1407 2697 494 1409 3626 1131 913 492 2672 2995 700 2837 94 2521 
Case #32: 3350 3222 1422 3046 540 1742 1857 4649 4103 4426 3944 3235 3070 4799 3147 944 734 4228 1247 4813 2339 1325 4755 1575 4240 2752 4816 1969 2957 1286 1082 3677 2680 2135 1110 3057 1517 1173 2066 2225 4344 2342 4626 3494 2106 3510 2685 1999 4288 2807 2679 2130 1490 4125 3281 56 269 1344 251 4614 662 4661 2310 4400 1028 4094 1418 4875 4858 814 1377 3593 1507 1185 929 2592 1063 2765 4185 4336 4308 210 4686 4625 3015 294 2608 3309 2419 2327 3624 3160 2814 
Case #33: 160 1339 3547 1427 3631 663 1358 507 9 2011 3213 3293 3937 2092 1768 1272 4314 651 3746 220 4256 3116 2224 2641 3902 1256 141 4041 3159 116 1246 3572 4056 457 2293 2771 3126 4313 690 1016 3278 1357 2475 2214 3750 2616 2690 2699 2653 1259 2286 598 1089 1935 2893 2316 566 1043 3574 4686 2927 2401 2152 2586 3850 3760 883 4417 1202 4045 1452 3036 160 138 4469 1832 3343 773 2140 2226 1915 2619 2095 3457 4680 2586 1106 2132 2790 1902 1534 2947 4007 2007 3814 4589 
Case #34: 2847 1978 3 3669 1737 2942 306 2843 2883 2527 3176 1548 1446 110 4404 4204 4745 3591 4727 2829 2712 1374 4107 3383 2100 2493 2302 2750 2571 2165 4340 1503 2468 1254 747 3808 1197 3432 1335 222 4468 2590 939 2293 4789 3329 4545 2214 1045 4819 834 2196 2922 4326 2513 1503 3542 981 1899 1036 4350 527 3920 3233 1237 3868 2213 2684 274 2602 1649 1103 2710 4921 1407 1062 2817 2533 4445 2350 297 2036 4202 238 1180 3161 3676 4254 2598 977 451 3900 756 3190 1750 720 668 4809 3766 1029 
Case #35: 3901 1531 3490 292 586 196 603 1044 2049 3772 684 1930 1689 2384 3991 3529 1811 3007 2601 3082 3505 3376 684 1550 1878 1205 1242 3221 211 3928 582 1510 3222 2169 2322 1407 2316 3065 3487 3526 2997 1468 2761 1675 3387 2557 3640 3639 1441 1756 2937 2399 1155 1056 1641 1653 1345 3851 3496 1711 3151 1327 819 2618 787 533 3110 512 2291 1530 2180 3257 3533 3704 2754 2251 1529 2727 266 1038 1540 3512 988 2765 2218 3017 2613 2710 3082 247 1355 1200 1171 3173 1806 
Case #36: 3944 1875 4480 2102 761 3064 832 1532 3716 3853 1191 1297 2104 1377 4207 3006 1678 1456 1595 4049 1170 835 23 1918 2940 2149 1370 1598 221 2113 1296 2828 3226 1849 4450 3852 1462 4154 3042 950 3109 1451 2362 4359 3369 1727 4290 3638 4274 1218 918 2126 3126 1273 1068 2899 2428 1558 4435 513 3612 3394 2589 512 3325 3315 1750 3138 4028 2960 2461 3138 1294 2659 398 53 1342 1097 4109 1958 3775 4045 2332 1066 1268 4312 2581 4068 3367 2488 708 
Case #37: 2819 425 55 878 2266 692 4056 2354 2694 3613 3958 2987 4226 523 4105 3881 830 3928 3376 2964 4001 3763 2130 3061 4129 522 1780 2577 1818 1200 544 127 4311 611 4510 2063 2961 3723 3496 4094 3530 3491 1804 4267 272 4428 435 48 872 3627 3398 4002 733 755 1511 2077 257 2427 1877 709 4152 3106 4201 2398 3146 3497 741 4365 3779 431 4348 1469 3754 3404 2544 140 2551 3508 1625 883 3866 666 3092 2507 4477 4538 203 3969 895 1715 1544 2578 1684 3318 1509 4080 746 659 3136 2038 
Case #38: 1563 641 595 54 2149 1532 243 2770 2366 4350 3465 2552 566 2727 3506 4504 540 504 3685 3937 3657 4126 1134 2987 1969 542 2090 2070 4403 1942 2849 2057 1861 4217 3321 691 3290 1482 1924 3601 627 3787 2900 3172 3331 1573 146 3022 49 2118 1431 1740 2596 972 918 4042 4056 1390 3009 3161 3049 562 360 4114 1277 2872 1393 63 2974 1096 2166 3096 342 3998 3471 3700 4296 1669 1808 2439 1363 1063 3168 3814 1204 2390 1502 1860 1833 3142 4127 4425 2882 122 4054 3261 3584 2409 3889 
Case #39: 4539 504 2642 3512 2880 611 1791 428 2740 2484 2468 3293 2225 4657 1667 4726 4553 96 505 449 1418 2130 2360 2003 3021 279 1519 1110 3904 4535 1378 2536 3997 2031 1061 870 1020 775 2793 4411 1730 2440 2830 2612 1778 3557 3459 135 4147 1035 4481 1230 4510 3851 4561 3738 4514 1483 2127 946 1124 1965 1644 1203 2304 125 2508 2690 4651 3929 4038 3292 482 2170 3916 1819 3692 1761 
Case #40: 3768 408 4598 670 1828 4582 4111 1408 498 3858 3284 3149 1433 4369 3144 3939 4265 856 1513 4170 1243 450 3479 4267 1363 1134 4812 1844 4790 326 4451 2545 1250 179 960 184 884 3762 4486 169 3288 1421 4037 73 1465 1213 4537 2482 767 4524 4700 4717 3532 1918 3848 4797 1456 3552 109 1976 1816 263 2338 3996 4154 4199 67 208 4624 4171 4099 3240 4968 2783 3981 1700 2440 2669 4068 3058 4870 651 2437 3734 667 2414 2431 900 4013 4619 1488 3773 3663 4627 1904 2377 
Case #41: 1034 2804 2237 549 4647 3979 1576 2607 1042 2297 907 3686 2406 3803 2925 442 4124 682 871 1272 4731 2716 981 3010 4085 3644 170 4271 4183 136 3176 1674 2138 400 1730 3730 1994 3194 1042 979 4341 587 2133 3558 1643 1719 4205 4255 3463 302 1616 4551 4251 3371 3303 2864 1626 1572 1331 3432 3402 4015 1476 3020 440 2681 813 2699 69 3897 2398 1884 3307 2761 929 1999 2290 876 2411 2134 1735 1174 3389 2098 2855 227 4422 2048 
Case #42: 4860 4856 469 675 711 3672 1939 1739 352 3669 4276 3096 57 4023 2541 3729 4224 18 1054 153 3603 3550 4206 4479 848 1899 3238 2723 3617 1210 3766 746 553 931 1313 2634 353 1346 2519 113 1377 4511 2518 941 1152 28 3309 2956 4069 737 3273 1984 4545 4007 834 204 4112 4693 606 1733 3818 3090 2814 2168 510 4274 2446 385 4282 1090 938 3304 3769 4186 3600 3017 3035 4149 275 538 3493 1107 2669 466 368 1379 4247 413 1144 3977 
Case #43: 2643 752 507 2378 4426 90 464 69 3161 1824 272 4207 1945 97 4308 4386 740 1314 4017 1712 353 4730 1033 1105 2288 2524 2561 1231 989 4027 3262 47 917 3150 4753 4423 37 2391 2580 3303 1489 1927 2132 1318 1007 2892 4606 2189 1494 4459 688 4509 967 456 4716 3707 4669 4763 2594 1828 2167 479 4123 2435 1537 1983 491 4198 529 2423 4485 4377 1366 4183 2032 477 3708 2728 3465 43 4299 3144 2026 1135 246 4501 2174 818 4654 1971 2032 3644 272 4247 3506 
Case #44: 528 1169 373 1389 1011 1514 1483 633 1385 10 766 1043 335 1349 1030 627 1041 1609 928 1113 1264 84 1168 446 58 330 949 720 91 421 1352 954 1559 814 192 764 1487 126 818 924 362 649 880 454 839 883 1264 201 902 591 330 107 1394 1034 45 231 1510 1098 1049 287 1502 1476 795 1089 533 232 1390 1217 893 805 898 1414 148 824 1060 386 1573 1111 109 194 1283 824 167 882 882 309 127 756 753 
Case #45: 1331 883 4102 4137 120 555 2261 4135 1221 2129 4101 3215 2311 3275 1064 982 17 3259 3635 2885 2465 4201 2650 2892 3177 1766 4072 1676 1853 3528 1739 3979 1466 3066 3566 2470 791 930 2481 1379 1634 3684 4069 131 2346 908 1971 830 2972 230 2189 1275 724 2539 3297 39 3859 431 146 1158 2013 3708 2161 276 2285 3519 2918 4129 1603 3409 1660 3424 2306 3388 1491 115 2758 1648 2809 3820 3237 1483 4194 2218 783 3842 2124 1949 1778 3715 211 2257 3216 2327 848 1989 143 
Case #46: 2322 4385 1861 2001 3315 4291 1533 2905 440 3378 71 557 3347 2093 869 2525 4348 1711 3183 2730 3018 3901 392 777 104 2960 1905 2063 2904 2839 3227 32 913 558 2697 3363 479 2606 2417 915 484 3385 2322 4322 442 1063 3729 889 2343 2626 1502 2537 2993 1623 1221 2242 1566 4140 3874 1657 2557 1154 4091 332 1288 4115 2932 2550 661 4009 3874 1329 406 1197 4414 996 4388 4336 2019 232 3121 266 2753 2096 4547 1373 654 4354 3280 402 518 3524 
Case #47: 368 1519 1253 3309 4000 1989 593 2421 3517 4605 2503 12 4420 774 4768 1606 4773 559 1157 2223 4005 3204 2085 4820 4358 4085 4579 335 2909 2585 4033 4703 807 169 2810 3973 4775 622 2591 1306 2113 438 4550 2567 4387 768 2222 681 3672 406 1649 2188 2846 1037 3005 44 1127 3670 2391 4561 2380 4138 1201 1673 3590 4409 3030 221 2229 3320 2378 3248 2664 3583 470 2147 2858 1601 2593 2636 4178 3320 2735 3533 1001 824 2616 1559 4647 3618 1974 4807 3802 339 706 739 1442 
Case #48: 438 2457 940 2087 2034 4115 1991 3494 223 113 1488 3984 285 3902 2472 1451 916 4180 2360 2928 3828 1195 1237 1781 2131 3783 27 386 4112 935 1155 3484 3440 1576 2690 2646 1953 3361 904 1198 2682 2860 1752 2055 3737 4192 1697 1566 2130 667 2703 1996 4601 2092 797 2918 3351 938 4685 1850 4600 1340 4328 1408 4309 2442 3850 2561 2377 2916 3184 2010 1291 159 1663 1275 4348 4570 3849 1945 2610 4157 3291 3814 812 443 3620 4238 2794 1944 1608 2472 66 4496 3433 4732 2140 1415 552 
Case #49: 175 942 763 3193 2484 1581 566 1913 3846 838 1107 586 144 2215 855 2595 2177 3383 941 1966 3460 666 1604 206 2745 2338 2238 729 3592 2814 2233 474 2810 3646 3248 2744 1367 2549 3697 2859 2433 3003 836 2512 1862 693 1513 3472 2776 1040 940 265 3243 3351 254 3461 268 58 1514 2497 2242 2089 2220 3457 1648 1803 734 3727 681 2189 2924 2510 230 324 1902 1552 1099 2122 728 3849 1470 2232 2502 2614 1081 2431 2754 734 1314 3195 1366 2855 2434 647 297 
Case #50: 1578 2481 4361 1723 4000 3515 3078 2738 1984 1941 4070 2557 3544 608 2739 513 1265 3072 3806 4034 2117 1339 2656 2803 867 3827 2330 1909 1594 127 896 3040 496 1305 4190 2257 3672 4405 261 3530 3957 807 3489 4547 1417 2180 2011 1881 1388 284 3644 977 3195 4145 252 3503 1752 2128 4573 2206 3364 4404 3526 3356 4296 3114 853 2751 3779 2022 2970 1074 3184 3107 294 3915 3491 3914 760 3751 3633 188 3018 190 151 1580 3466 752 1317 1333 4303 2773 3620 2005 3238 4079 1064 
Case #51: 3818 4254 1747 3805 5 2358 473 580 3684 1184 2538 3836 1437 3520 4772 2247 4156 4319 2059 2944 2459 3965 1220 563 2900 778 221 2759 1753 282 1698 1770 4017 3133 1929 3163 4770 4227 1976 3089 764 3727 2660 1999 703 2931 2679 4263 3566 4125 4316 4735 2663 517 2611 2715 1822 1164 2159 1427 1622 1378 1095 4840 983 502 2116 535 894 1364 3647 4258 2992 929 2838 414 650 457 1697 3571 4474 2809 3224 175 3767 763 2997 673 3643 196 990 2333 4060 4301 3654 2190 2857 
Case #52: 1975 1505 673 3655 4844 2411 2290 4727 9 70 1423 2898 589 1790 1214 1361 754 3487 3293 3070 99 4450 2307 2386 322 3045 3207 4156 3084 63 2661 772 2144 1716 1504 1755 730 3088 2737 1887 4369 2543 1314 3038 2712 2483 1944 592 114 1403 1035 1346 1122 3557 2530 1636 2852 49 2853 1396 4864 3124 2915 1008 559 2488 3209 2044 1708 2677 2964 1694 2697 3400 3403 3060 1610 3472 588 4071 959 1734 4682 2431 797 2921 3996 502 1028 3356 488 2411 
Case #53: 247 2972 3849 2826 2049 4316 2379 1524 3179 10 2629 286 3804 4327 3723 4522 3630 3624 4039 3503 4537 686 1566 2420 2464 4017 2657 2356 3342 3544 1757 158 4049 667 1883 192 4486 4302 4875 1601 4595 2900 4298 4374 2495 3095 2032 3737 3529 3532 2479 97 43 2817 3667 2442 3264 4381 2659 1213 1216 501 927 1437 2294 3639 110 4631 3771 4239 3520 1571 818 1977 1453 3477 621 4554 2218 557 3090 1870 1216 996 942 4495 2191 4887 1594 1643 4797 1271 4779 2474 1809 3484 2104 3682 1411 
Case #54: 2303 792 4230 2648 346 6 1232 1558 4112 929 837 627 2728 3319 4611 2723 11 3754 1470 4714 2593 267 1011 2072 3881 3405 4313 3254 244 3437 4333 3919 4640 2536 4533 3424 1123 3407 1983 2293 3499 4651 2211 2050 3849 4630 1840 4636 4434 1582 2797 4083 1577 4176 938 2499 722 4290 2431 864 940 138 1321 2732 4016 3643 2295 3496 931 505 972 2001 531 4282 1843 1835 4637 2719 2960 616 2584 3569 1415 2568 2962 4332 1931 4275 2861 948 1211 4005 2283 3750 2098 
Case #55: 3343 2663 3105 3805 190 3327 2990 3569 2327 3089 3829 1038 1571 2541 954 169 391 2826 2005 1694 3395 299 3160 3995 916 955 3990 3640 2231 2281 2437 1294 3469 1461 2334 155 2536 1316 3602 3239 1918 3364 3183 3738 2894 337 1864 2558 2687 2646 1372 3662 3363 3086 353 3357 2767 330 1180 2490 2970 2695 969 2707 1043 1284 2596 2964 2624 2722 3124 72 3449 1038 1975 2471 2326 742 2221 1289 3475 325 1259 3060 649 260 3402 2782 1710 2832 748 3357 3676 3786 170 3650 
Case #56: 2050 3804 1696 2943 4155 2084 817 848 300 4519 512 2845 2208 346 1506 3430 1379 4297 919 2384 4525 3376 361 3861 326 1647 4215 3674 1389 1420 3281 534 2215 2022 3603 4032 2369 3469 4319 3486 4197 79 4105 983 1247 3899 102 2857 4209 611 4520 4318 1770 1712 716 2890 773 3525 1871 793 744 62 324 1452 3815 4138 165 2532 3022 1610 1040 2606 288 3686 3266 3511 2505 1406 3228 1396 1812 3410 289 4378 2463 3031 3116 1975 1168 3439 754 625 141 901 2240 2137 3871 4205 1926 
Case #57: 2490 1420 3746 2283 2792 2502 391 200 2679 2528 246 2097 4012 4153 461 3077 4503 580 1140 509 3049 1504 2384 1737 2398 3272 2118 3653 3109 1418 1761 4445 3154 1890 1796 755 857 812 1564 856 1545 2509 3416 331 144 1982 1327 2298 230 2136 369 4184 4579 3195 3969 3645 4228 816 4411 399 2930 437 3126 4447 2644 3573 2736 377 1996 4621 3934 439 3547 4618 4179 3377 3664 1261 2221 3676 3927 3189 3099 257 3156 3854 3871 1895 1365 1711 4219 3964 2680 2940 148 2085 3173 1527 198 
Case #58: 4698 1361 1524 1913 4539 1909 1786 4544 4499 1623 2541 2098 1528 279 2356 4892 2003 716 2636 3496 3521 4247 1515 253 1138 1360 3141 1752 3415 3350 130 4787 1147 2267 2673 3537 2453 3075 485 1162 1790 2593 2123 313 712 2367 1087 1624 3620 3876 4800 3073 1078 2383 445 591 4251 843 454 598 4785 4775 3607 229 4287 4005 363 4796 3780 2855 549 3650 353 1879 2243 1154 4322 1192 4652 4144 4711 2372 4533 3380 2409 1345 3822 3916 472 613 3901 4399 330 1067 1237 3780 2006 4599 2280 
Case #59: 3877 95 4818 3466 4088 3609 64 562 1125 658 633 2869 2504 4650 97 2039 4116 209 4511 1894 1328 2550 2949 1914 3173 4555 2516 1316 1874 4064 4172 32 3804 4354 3441 1274 938 787 1828 1158 993 2173 111 2220 696 2860 1109 1322 596 4314 674 3532 1247 574 371 4460 4430 181 3327 1829 3500 1296 2276 1939 1276 2338 3253 2756 481 3481 212 3786 3975 3380 2759 2218 784 1984 3109 4168 3410 74 251 1469 3164 647 2412 1515 2727 
Case #60: 3471 4597 2259 2742 3771 3241 2259 2696 1129 4651 3612 2618 4244 3990 1392 220 2655 114 2832 343 2744 1429 1675 1652 1777 3577 3688 720 2347 1039 4260 1196 2986 1083 1833 3352 769 322 1315 1157 4259 1403 2789 2301 3119 3807 4524 1508 2531 4309 1734 4208 728 2755 4509 3556 134 3895 793 1290 3296 2382 1551 3397 2745 3490 2063 3687 3378 3866 4660 3691 4635 3563 4272 3235 2110 209 1689 2564 1226 1249 248 1312 2016 4022 4199 3182 4538 3551 880 4067 4111 1612 2768 3253 
Case #61: 1601 3070 2043 2529 1279 1343 78 8 3711 2788 298 2533 1482 2741 3346 4390 737 1828 730 4028 2111 3858 4483 16 1160 2476 3767 817 3080 3930 2849 742 1330 1478 2289 4052 2088 659 3938 3994 3693 4168 2594 893 1965 3447 3239 2584 2970 3361 1991 656 228 2236 3141 998 1126 2955 1568 4339 1983 3338 4351 318 2369 1707 2956 1657 2073 3536 2213 2917 1273 3410 3587 296 3825 3771 454 4629 594 826 1224 1214 2641 4390 4142 3514 770 533 1399 3876 2913 3845 3009 
Case #62: 1768 2839 2534 2429 569 6 2088 1635 1458 1186 3439 6 1384 644 741 806 3279 4163 543 592 1150 3274 3558 12 3730 884 1340 3232 562 4234 1795 837 2505 1334 167 404 3078 658 186 2380 3101 1032 2421 3910 2807 3210 2227 2289 3612 2965 3613 3747 152 1870 3563 802 1934 1875 2889 1962 2520 2540 2673 735 1330 2332 559 2644 4031 4166 3623 3420 1216 3415 3721 3109 53 1330 1297 2728 220 1445 1361 2636 1731 1904 3818 3487 106 1464 2207 2983 1646 493 2205 575 1054 4219 
Case #63: 3525 3824 3416 4536 2208 4217 1513 3216 1447 702 311 1287 1807 3875 4512 2977 4134 1320 2112 1002 4371 4594 1758 3432 493 1481 2292 1667 4717 4339 1926 4009 1733 939 3935 4093 3231 2455 4606 3314 1946 3151 4342 1781 2219 2290 3480 974 1573 518 3396 1077 2930 1044 509 4154 3613 4100 187 1590 156 3878 3368 3022 3769 66 2256 2857 1109 618 1408 290 1767 683 3791 896 426 3699 2509 495 3618 2037 1775 1490 810 2213 2744 2928 2580 4074 3778 4404 1093 4418 4459 4129 127 
Case #64: 121 2261 732 284 518 431 604 2913 694 750 1996 2582 656 2439 68 16 1860 582 2473 1075 486 454 2731 961 2934 384 2571 1937 2194 2243 2688 325 1589 2408 2366 2671 2716 255 257 1772 1042 300 753 239 2072 957 359 1585 288 661 2504 2571 854 1107 1767 1662 726 971 2303 1007 1124 854 1003 1489 1757 2900 323 2278 702 
Case #65: 3915 1482 1078 313 357 209 4041 4081 2819 4104 3023 2614 2079 685 3599 3932 3524 404 4356 2996 4311 1316 1518 2946 3468 26 2794 2256 1317 1158 2189 2064 530 2204 1510 3930 2203 3814 2184 1269 2155 1142 3928 4420 1866 1414 1325 1473 2895 3716 396 1243 258 852 275 4135 4410 95 4120 76 3825 3258 3404 1055 3780 3503 3724 3424 3835 704 543 2511 920 251 1322 3007 1337 1005 1789 1652 2900 56 2088 119 4367 2325 2653 3400 603 4478 3154 746 4119 1721 900 3691 2491 4319 3491 
Case #66: 3910 1702 1014 1431 3896 2518 2886 1106 884 1370 2915 2105 3472 3354 3131 1596 1039 3569 3121 4522 1585 675 1314 4097 201 4690 1225 1239 3069 700 1687 1111 3485 4791 193 4239 3750 1414 289 995 441 595 4400 1010 3424 1236 4213 1487 1808 4158 3795 4302 719 2002 3432 65 4368 600 3087 3456 3896 3394 2671 64 881 1145 4363 4280 2581 715 734 439 4868 
Case #67: 2117 3154 1037 2387 3999 930 2690 104 2605 2914 2682 368 2386 14 1938 3531 1862 534 1567 4757 2862 2978 3744 591 2441 1097 3894 4251 3869 1820 4345 1009 4800 116 1260 651 1075 2276 1426 1418 1015 3135 765 848 4089 3982 3376 1286 4660 997 3563 3141 2469 4160 1177 3971 3229 4644 655 4065 1539 929 3382 1562 1651 4764 485 1277 4541 3837 2450 4244 2021 2051 2445 132 2841 180 342 3385 3315 1779 4567 1908 1372 272 1875 556 3975 76 3191 413 3691 3922 
Case #68: 343 2999 3069 2777 3051 3803 1016 3478 4458 4322 3444 1853 374 4048 720 401 1007 1361 4568 4829 1827 3898 269 3841 1592 26 2729 2368 2773 1169 124 3366 188 587 1464 4607 3408 1291 4877 1280 526 2154 4722 3576 2818 2420 1385 4521 3017 4183 1902 4381 876 1353 390 3883 3164 3041 2952 1467 80 3127 4003 4862 3740 3005 2822 1238 3620 494 1517 107 2099 507 2725 3969 3088 690 53 2378 2854 1269 2585 4205 816 1505 1981 2091 409 2248 3541 354 2213 683 2354 2246 534 519 121 
Case #69: 1 1 1 1 1 1 1 1 1 1 1 1 1 1 1 1 1 1 1 1 1 1 1 4 2 3 2 4 2 5 2 3 2 5 2 4 2 3 2 5 2 4 2 3 2 5 2 4 2 3 2 5 2 5 2 3 2 4 2 4 2 3 2 5 2 5 2 5 2 4 2 4 4 3 5 4 3 5 4 3 5 4 3 4 5 3 4 4 3 5 5 3 5 
Case #70: 1457 692 1202 554 749 1551 738 964 1021 2737 946 264 1371 2642 651 95 17 1210 383 2380 784 527 2369 2689 3283 3137 259 3379 3054 1377 1416 3457 2881 803 1900 2513 720 1406 2753 298 1876 1255 3182 2808 331 404 770 219 1480 1677 1289 2358 3594 2954 3746 1170 3700 2519 1191 2114 873 435 3143 2740 1275 2970 2969 3519 390 2929 2693 301 1680 2499 3269 1881 382 1887 512 1468 1222 3347 3422 3603 3439 2197 2015 1208 1642 631 2623 3133 1878 1632 1420 1414 
Case #71: 1344 2294 3233 2395 1715 2383 2488 2851 226 3370 1428 1262 853 2150 1290 903 3578 1756 965 3718 3340 1819 414 1952 616 2554 987 2274 1943 1196 1768 1267 2425 2885 1896 2127 761 2700 1517 2676 453 784 185 44 2847 100 1862 1963 176 2136 1599 103 3650 2414 332 2395 2419 977 2652 3310 3420 3229 3073 3404 109 204 1313 3532 1991 3703 1167 486 1348 2746 1029 3081 709 3895 1952 1935 1125 261 1754 1962 600 2203 2937 2173 1815 806 647 258 3479 630 1858 3522 2766 3462 478 
Case #72: 1658 4623 4113 4702 1723 627 4011 1467 1844 375 4899 4913 4148 4570 3404 341 4377 3726 4620 518 692 2688 4162 2108 1999 877 1393 3271 1819 2207 1081 897 2538 2766 2847 2826 2231 2734 3286 1817 561 2155 1883 1707 4586 2292 2424 2297 49 514 4588 1510 1722 3331 734 1496 2757 4414 2661 1645 279 425 4696 986 2016 4795 3179 3787 1209 606 4630 717 4308 194 3052 1126 127 2557 616 3936 3736 1604 570 1160 2805 1969 3904 4414 1833 4804 1516 3280 494 3438 4120 4114 3217 4740 3760 2327 
Case #73: 758 1799 673 1682 5 1200 2301 2027 2769 2003 4201 2664 3297 582 1470 3472 761 13 3219 831 4125 1856 2983 2033 1850 1236 3724 3776 3600 3525 639 1855 1449 3261 643 1403 3058 1798 2114 1529 622 503 2546 3906 2396 1701 1885 3743 1000 2147 2785 767 2175 465 1282 2758 1030 160 3884 1199 43 3284 4217 2439 3820 327 3754 2780 2964 4197 3691 3195 3014 3327 3062 4195 582 2716 3122 2649 3664 2021 494 598 
Case #74: 1 3593 1450 2953 162 2259 3700 435 3861 512 260 3011 949 195 929 855 249 3453 3854 4263 3882 2138 2206 1632 1986 2348 1090 1814 4170 3013 3237 155 2585 1313 3405 3623 206 247 2761 2903 554 3127 4337 2087 1882 1609 2884 518 1781 640 2377 1489 4181 2661 2060 3305 859 3408 2930 3528 4537 207 4244 1297 2403 2502 1770 89 3585 1347 1298 3073 3832 2670 3076 75 1776 3438 2294 1179 4307 493 1192 2293 733 848 1789 491 1464 3225 4420 3495 427 2052 3968 3852 339 2246 
Case #75: 3452 4377 3503 727 3099 2374 2490 1553 368 861 656 4505 2348 1786 3225 247 991 1141 600 4013 2076 3098 1945 4684 1294 2429 2855 566 2477 103 4275 1545 4018 4081 3175 2889 1608 1713 2240 810 2144 651 2554 4526 2928 3466 3048 3003 4097 4340 2271 2025 1954 2319 241 1793 4003 3143 321 2061 4122 3820 2407 579 1635 1879 2032 2592 532 4547 2902 568 3254 
Case #76: 2010 636 3873 2261 1188 4508 1001 2285 774 1150 4625 3470 1965 3584 1754 822 1711 2240 4656 3852 443 3768 3069 24 3835 2517 2139 1112 3892 61 259 2267 1739 1919 99 719 3105 4242 3138 668 2111 2591 2982 3144 2141 2199 256 2999 2145 3947 3308 1761 961 648 754 3805 4258 4445 2633 2761 4575 1934 3139 4008 41 2556 3366 835 126 576 698 618 3685 4382 1488 916 3751 4264 775 1912 3580 4336 1709 3765 4151 834 1230 4304 2783 1124 2136 2246 1794 1622 4594 3044 3046 
Case #77: 1510 3656 3512 224 4697 284 1885 8 1773 4044 3371 1389 4089 1847 973 2258 923 1719 950 1101 293 1241 4382 16 1113 4488 3100 2565 2556 4712 808 821 4315 3936 3979 1621 2864 588 674 2998 4357 1787 1544 3616 299 2993 1978 2987 459 2286 1453 4034 1016 963 3077 674 1302 1722 732 3718 3048 3606 2086 4595 837 4569 3715 80 4617 2085 3473 2112 2488 3837 1951 3080 477 2619 2178 2415 655 3097 3839 2284 61 3559 4182 722 4645 2244 3821 4246 3761 4227 3738 1223 3483 3222 1364 
Case #78: 3063 2 4011 3490 1472 2980 2285 3521 2337 3035 3666 1479 1124 3000 1211 1536 86 179 1598 18 94 2653 3132 2684 75 2229 3103 982 540 2844 3163 1723 1367 2272 2350 1184 2662 1222 4036 634 383 1998 1392 71 1077 2194 1535 3186 2096 3909 3647 658 772 3230 4102 3534 1675 1887 1535 1818 2191 687 3772 1562 615 1785 1483 48 2926 1904 2303 2426 3371 3188 2770 2994 2307 2680 2522 3039 463 4052 252 2039 2970 2137 1228 1243 1293 3308 675 270 1764 1090 2325 251 1705 
Case #79: 3241 382 2910 1282 352 2543 764 2980 2333 3784 1477 877 3245 3768 1094 3611 3115 1422 1270 2161 2860 2465 1478 401 2086 1520 3727 2287 1567 2056 477 1161 1451 3826 2277 3913 3017 2250 2658 4137 1069 243 3086 2302 1619 1919 1654 2367 1666 1871 4014 2896 985 3558 2461 2306 708 3571 2932 3677 1160 1084 3076 2131 3876 2758 1388 1200 3312 3116 2173 3374 3836 3769 3830 2950 778 631 1851 912 2959 3519 4150 3657 799 3206 2853 3368 874 2495 4140 525 1343 94 1733 3092 2425 1623 3228 
Case #80: 2476 1161 2714 479 600 1342 1012 3649 3667 1342 3082 1733 639 3469 992 1750 2424 153 1641 1250 1061 3501 1960 2831 25 3964 875 2008 2935 2453 2675 3758 607 2029 3345 1848 1541 2817 780 1764 433 3325 1832 1272 439 3668 1350 3140 143 425 2204 1914 1192 1368 1827 3379 2843 805 2217 1482 2706 2855 3711 692 1875 1999 2853 2387 1740 2990 231 972 2287 995 2598 876 3267 1011 3378 1489 2778 3698 3654 2347 499 1427 806 3412 2929 3066 66 3589 2584 2179 
Case #81: 3671 4598 1258 3631 4843 2173 626 4870 4075 1060 2676 720 2818 4829 912 1951 3496 2670 4906 3522 4475 1409 753 3210 321 3462 2822 1854 2915 899 1210 1414 1883 1451 1825 1285 1386 4317 2471 133 4589 712 3961 1712 1064 3122 3000 2836 1172 2248 4765 2507 501 4646 1399 2972 1627 4812 651 4550 2553 2807 3741 4453 1357 4790 3351 3491 1338 214 4382 3119 862 4878 3855 2740 3577 2072 3518 4666 852 556 4631 3167 1668 2416 2706 331 725 4643 1051 710 3322 
Case #82: 3438 1813 1204 2691 2061 1549 582 1023 3831 1546 1841 355 3213 1651 3670 2051 2932 118 3222 1265 2684 2804 1782 3550 1297 305 3192 2078 1988 2593 3887 1918 1695 3259 3369 663 3685 3929 2922 3514 1896 2355 3459 1780 521 3839 1525 1360 359 3139 647 1949 1455 2725 2327 3074 1826 2485 3877 2616 3496 302 413 64 1870 1505 3678 2339 3463 3376 3714 322 3007 2569 3439 100 485 1250 944 2098 3113 2685 3757 307 3312 780 2610 3321 2417 
Case #83: 1 4608 94 1225 203 1470 309 2315 4253 2777 494 874 4166 1664 2966 1195 4478 3821 1144 2583 1453 346 4237 536 3207 802 1783 1449 731 3779 109 3054 2466 1853 150 2817 2586 3915 3272 3486 836 137 2942 920 331 1037 3890 3880 2331 3387 644 2382 534 3066 814 1804 2217 3147 917 1783 2296 1694 3219 113 4363 1617 1488 1633 4381 4274 1835 3830 2683 73 2514 3877 1260 1020 221 943 1653 1298 3157 1818 
Case #84: 144 645 3266 187 2705 1999 4217 3958 725 3790 4336 998 1013 479 3467 826 4043 2713 3186 3773 3798 1837 3757 3809 2107 3237 1623 3927 2882 3150 209 1663 1266 717 1993 1372 4361 1174 2591 1909 2520 2889 3201 44 4501 3308 960 920 1846 514 2879 1654 2526 2095 1197 3381 4235 3683 483 1786 2675 2431 3627 3177 3577 1303 4241 2783 3406 1036 1369 400 2019 1257 2964 3116 3220 664 4227 4261 3644 4183 2400 2205 1371 1346 2199 1560 1490 1003 4036 2168 2194 3593 
Case #85: 3758 913 3434 3639 3314 716 1203 3906 2511 1383 1572 3171 3917 2592 3260 249 4505 2828 264 888 3780 680 388 24 2742 4444 1821 4285 1042 2666 4330 1155 222 4426 743 2879 2132 2670 2689 1774 3832 74 3055 2269 2425 3618 3901 1387 1438 4727 3589 1603 1499 4102 3280 4302 901 2775 3498 36 3491 2863 2592 906 386 3180 1824 1423 3805 4451 890 1884 1961 2466 1628 2572 750 3990 2145 1651 218 2816 1177 3689 2836 1988 2921 578 3009 2847 3347 399 2271 
Case #86: 2994 2345 4229 1724 2858 525 364 3347 1857 1279 1559 2123 110 3204 1657 1025 3265 2298 1566 591 331 3290 2998 2458 506 2952 3067 608 3716 1956 3828 869 806 865 2501 1063 2539 1228 3063 1476 568 3143 1939 2966 2853 1394 1611 3808 740 4069 2684 827 1483 1893 1200 1309 666 3096 957 1670 2739 3834 426 3565 630 2994 464 1772 2922 3833 250 1010 4316 1397 4166 2903 3017 4312 3658 3415 4293 2700 2600 3292 4178 1700 3624 1580 3742 3377 3135 3902 525 1844 3120 3164 3403 
Case #87: 2079 1690 714 3922 1850 943 2058 3684 337 4224 610 4087 4368 3704 294 926 4416 3359 4511 1237 3211 117 1880 2031 3058 3235 332 3905 2877 4340 2628 1935 1880 2185 1255 3659 3525 817 3138 3951 4408 2629 841 3949 4396 3729 2525 574 1186 752 1208 306 2864 4572 580 4239 474 2614 1996 1602 3014 914 1882 2175 2525 2822 1843 4534 4548 2323 4057 4319 1890 801 3848 76 97 4227 3429 3200 3451 3654 4547 4256 2459 4446 2843 1338 274 1387 424 254 1700 344 339 114 1267 
Case #88: 3772 3950 3021 3297 4004 3958 941 1541 4760 1351 3126 3194 2109 4904 1000 4930 80 207 955 2449 903 3182 104 2421 4512 1297 1805 4937 3532 3176 391 4547 4144 4940 3941 110 37 4444 1423 2848 4385 505 2995 3382 1157 943 1560 502 984 1900 4536 354 2615 113 557 4912 4514 365 2642 3027 4871 2793 1822 347 3042 4408 465 2135 1662 2690 1951 2175 1895 4817 4190 3923 2188 594 3378 785 2079 1389 539 2480 4834 250 908 384 1058 1602 3322 4239 2639 2549 1071 4905 3860 139 4834 666 
Case #89: 1 16 67 75 4 12 22 36 63 5 87 38 25 51 45 45 7 76 44 46 13 58 29 17 8 76 32 43 86 47 28 73 80 80 10 43 24 15 37 75 35 77 82 49 18 11 25 65 76 42 69 52 70 15 57 79 11 84 50 62 42 62 37 30 67 18 24 11 62 28 60 16 77 77 33 84 72 50 26 12 41 63 75 60 81 55 74 83 
Case #90: 2049 2797 765 4 2048 1170 3442 375 1222 322 3003 731 3888 1062 378 1305 13 2764 3408 1371 1105 3686 552 417 1589 2270 1461 2581 1061 1728 1719 471 3112 550 3691 2044 3320 2334 645 3419 967 2662 1560 983 910 3729 1097 3335 3848 2217 1867 548 3820 2958 3630 2592 1087 3572 139 3724 722 1285 2066 415 2299 1102 984 1429 2392 3747 300 2726 3901 1979 961 3171 1950 502 2280 1491 496 740 1553 441 503 1247 4009 444 422 2731 3353 1818 3156 2832 2432 1493 885 2420 491 
Case #91: 3565 241 4800 4716 1869 3909 2137 2251 1130 1391 4245 1229 2988 300 4444 3428 2024 4322 1041 1538 3198 1310 2431 3043 479 2661 3788 2589 3130 4015 2625 3193 4356 1613 2706 2489 449 2502 3421 4197 3652 3065 1560 1201 136 151 3860 1445 1725 2136 1221 3167 4356 3610 75 2404 158 3595 72 3323 2969 1527 4361 85 1712 2923 67 4621 2780 3923 1667 3049 1865 4087 1384 526 2539 3861 1473 1123 
Case #92: 4429 1200 1095 695 3021 4488 2602 2167 510 4554 1809 12 3407 2975 2854 1322 3111 2858 2490 1001 4585 3493 1479 3986 4741 550 4042 2312 279 1022 4457 3187 4024 1973 3929 24 2107 1775 2435 1880 4795 2083 295 361 754 875 4533 346 717 4226 834 1628 1957 4707 4442 2224 968 555 2017 3325 4087 4154 3067 3393 2348 1027 835 1637 4036 2885 307 2395 1460 3766 2872 2928 2401 2569 3156 1301 1477 2768 1530 4624 3820 3492 3502 2744 3701 2661 4115 2861 4629 644 1255 4347 1481 
Case #93: 4520 3894 3312 823 4722 2527 3386 1031 1740 1042 4007 4503 859 4921 1551 2392 695 4838 3134 3370 1800 4189 2668 1160 903 1357 2358 3989 551 4025 516 1160 2149 2289 368 1699 911 624 1456 862 2053 1050 2474 3739 560 3431 2759 781 1840 4554 733 4965 1226 1909 4219 366 4291 3354 407 4743 4129 1869 4856 64 2910 1572 3289 3588 2745 3270 1898 4357 2755 3825 1260 3324 2932 455 4800 2450 2432 3540 4208 119 2808 3169 3697 1347 4604 4755 1195 1310 2312 2235 414 2144 2036 1192 4450 2618 
Case #94: 4043 1725 1448 3958 857 1389 1489 3720 4316 337 815 3572 259 2186 2670 3611 3596 3689 1031 1750 2268 712 1237 4142 431 1607 2766 2119 3105 2308 488 1512 33 3347 157 3940 2740 1780 4148 3200 302 3592 389 1455 2310 699 1019 1951 3704 3532 1875 1480 4474 1062 3386 2108 3956 3046 2623 1871 2542 1103 4481 3639 3752 4636 129 2867 3456 806 481 3345 1564 4337 1707 708 806 2070 3578 807 1237 4301 2512 3944 2695 4629 3568 4187 2241 844 4591 724 2897 1932 4671 2466 
Case #95: 2311 2535 1559 1825 517 2653 2149 1957 2230 1819 3817 4346 700 1641 1785 3842 434 4730 825 3749 1655 2169 23 3244 1417 1381 1193 4642 2910 2011 1897 3738 2109 3864 2829 1673 501 2807 2697 2680 3755 1870 1835 4620 4141 2468 580 1894 1236 605 153 1828 2931 3873 2178 354 1411 2363 1357 4460 2614 2797 1562 948 1633 2306 2807 652 1834 2663 1659 1946 529 1456 1158 3602 4308 2275 519 862 535 1809 224 3305 1671 3208 4245 3273 2235 3566 3082 443 70 970 632 4045 3130 2639 2360 
Case #96: 3302 4198 2518 1106 1851 3058 3617 4190 3173 4442 3451 2026 1812 1144 3471 3073 4196 2581 4922 1826 669 4047 344 4072 3748 4766 2524 222 997 3157 1666 2979 3387 2174 3639 3072 1213 4292 1350 1295 286 868 3567 591 4398 2296 4689 4678 3293 1170 2568 1636 3380 1101 2346 2618 2797 2063 3685 4696 83 3124 1181 512 2366 1679 2539 2657 1165 4175 4100 3970 73 4917 4562 3462 4750 4365 2261 4369 3759 500 2027 2130 209 4101 3642 4549 1895 3531 3496 4680 3467 2549 4317 
Case #97: 2838 2616 2743 999 3469 2858 1264 1240 1505 10 3816 1744 3709 3606 4387 1707 1914 1981 4052 2111 2081 4126 169 2911 2424 2334 1649 1229 3094 1067 2112 2240 3664 2467 3484 488 2980 1404 4207 2391 4296 2129 1278 1065 2359 4424 53 38 3343 2234 2793 3466 1450 1857 3026 1579 1028 1239 3128 3301 615 974 3327 1010 3049 2272 3018 2018 986 1350 1428 1640 1515 4400 2199 3082 4101 4121 910 847 1038 1874 2470 2107 3509 3689 1736 2657 1465 2687 3475 1346 45 1992 4339 2824 3905 2686 530 3322 
Case #98: 2420 1256 3 1032 308 3830 3347 1228 1429 4199 2115 882 1967 931 3902 1322 1092 2542 977 151 1510 2935 3932 3104 179 1948 2773 4143 2389 3889 2532 1890 167 4365 2600 2920 3461 3919 3231 3388 2127 2913 4176 4312 3883 2642 3768 3262 3395 3669 3878 679 2674 2481 164 3216 2049 3076 4148 829 704 248 1333 61 4104 1351 3255 3136 1182 3017 3836 3985 1883 1650 3429 2319 886 1719 4341 3507 337 4146 158 3882 1964 2431 796 4422 2029 245 3500 1510 3242 4163 2449 1088 1024 3806 4398 
Case #99: 2405 2820 1264 1797 114 2775 309 1995 432 1569 668 210 2915 2538 1960 997 481 1842 2119 324 2102 562 2163 2363 117 1156 1549 597 1522 1985 2919 1507 1020 2469 799 1056 2097 2603 1275 378 1399 712 628 2499 2363 2908 2446 1639 1360 2383 1297 403 648 329 1631 350 974 322 2232 875 2290 1482 394 529 1555 2401 416 1130 242 1791 537 1722 619 1749 2091 2458 518 2834 1584 324 2707 2325 1871 1128 1545 185 1349 88 378 2118 1340 2918 163 1516 1923 378 1786 682 1457 
Case #100: 447 4076 3039 2796 4724 2863 3234 2249 3203 433 2025 3021 551 4558 3797 862 1841 4083 2657 1333 365 3236 3862 4258 3050 608 4058 3778 1554 228 4763 807 2191 289 4439 3321 555 1099 1126 4106 390 817 2344 3575 1802 4226 2092 1515 628 800 4690 4058 3679 1462 4374 2319 2934 3606 1963 3649 3272 1901 177 1451 1912 1698 4278 2413 1166 3088 2594 1138 1787 3346 2804 4512 1955 1901 3474 922 633 2163 83 744 1016 4483 4265 3150 2200 1083 3103 2845 223 2700 4851 3817 1877 695 3542 
